%%constant
%%Sebastiaan
g0 = 3.75; % [m/s^2]
R0 = 400*10^3 + 3.389945945211271e6; % [m]

%%Twan
m = 10000; %[kg]

%%variable
V0 = 7000; %[m/s]
M0 = 50; %[-]
rho0 = 1e-15; %[kg/m^3]
q0 = rho0*V0^2/2; %[kg/(m*s^2)]